304.24273812 1.98422952 0.00000000
304.38758687 4.34986841 1.00000000
305.04006713 5.53566584 2.00000000
305.87041701 5.78020213 3.00000000
306.73744733 5.54649127 4.00000000
307.56942102 5.09952172 5.00000000
308.33434928 4.81825250 6.00000000
309.05708715 4.56747248 7.00000000
309.74220802 4.51941942 8.00000000
310.42012094 4.55183732 9.00000000
311.10289654 4.51546798 10.00000000
311.78021673 4.65323483 11.00000000
312.47820196 4.66468934 12.00000000
313.17790536 4.84718123 13.00000000
313.90498254 4.88840588 14.00000000
314.63824343 5.15464610 15.00000000
315.41144034 5.12401109 16.00000000
316.18004201 5.42442366 17.00000000
316.99370555 5.42143051 18.00000000
317.80692013 5.57618351 19.00000000
318.64334766 5.85461321 20.00000000
319.52153964 5.77278320 21.00000000
320.38745712 6.05745168 22.00000000
321.29607487 6.09615607 23.00000000
322.21049828 5.85302703 24.00000000
323.08845234 6.02286430 25.00000000
323.99188198 5.94139213 26.00000000
324.88309080 5.57946228 27.00000000
325.72001014 5.62663410 28.00000000
326.56400526 5.70200774 29.00000000
327.41930642 5.62141714 30.00000000
328.26251899 5.99501428 31.00000000
329.16177113 6.15556891 32.00000000
330.08510647 6.12924839 33.00000000
331.00449373 6.49843044 34.00000000
331.97925829 6.90610576 35.00000000
333.01517416 7.36634454 36.00000000
334.12012584 6.87886977 37.00000000
335.15195630 6.25045811 38.00000000
336.08952502 6.60696248 39.00000000
337.08056939 7.13227124 40.00000000
338.15041008 6.97974983 41.00000000
339.19737255 6.73180726 42.00000000
340.20714364 7.02810572 43.00000000
341.26135950 7.47678281 44.00000000
342.38287692 7.44616986 45.00000000
343.49980240 7.08088401 46.00000000
344.56193500 7.17679215 47.00000000
345.63845382 7.57346529 48.00000000
346.77447361 7.61852397 49.00000000
347.91725221 7.09631597 50.00000000
348.98169961 6.86727815 51.00000000
350.01179133 7.21711766 52.00000000
351.09435898 7.32228761 53.00000000
352.19270212 6.80549772 54.00000000
353.21352678 6.42182704 55.00000000
354.17680083 6.73294374 56.00000000
355.18674240 6.89986191 57.00000000
356.22172168 6.43983081 58.00000000
357.18769630 6.03571886 59.00000000
358.09305413 6.27135542 60.00000000
359.03375745 6.46399139 61.00000000
360.00335615 6.03780211 62.00000000
360.90902647 5.64180893 63.00000000
361.75529781 5.77448546 64.00000000
362.62147063 5.95534407 65.00000000
363.51477224 5.54347430 66.00000000
364.34629338 5.15056388 67.00000000
365.11887797 5.19185360 68.00000000
365.89765601 5.28701701 69.00000000
366.69070856 4.96772445 70.00000000
367.43586723 4.65893612 71.00000000
368.13470764 4.77936706 72.00000000
368.85161270 4.67539608 73.00000000
369.55292212 4.53729707 74.00000000
370.23351668 4.03829075 75.00000000
370.83926029 4.30260679 76.00000000
371.48465131 3.95487706 77.00000000
372.07788287 4.03535573 78.00000000
372.68318623 3.19574573 79.00000000
373.16254809 3.36637896 80.00000000
373.66750493 3.19911184 81.00000000
374.16439098 3.05666168 82.00000000
374.67167455 2.73881939 83.00000000
375.15532267 2.50566148 84.00000000
375.62448272 2.61096950 85.00000000
376.14111526 2.16889677 86.00000000
376.59335192 2.27742031 87.00000000
377.09244858 2.36259818 88.00000000
377.63535002 2.12492839 89.00000000
378.14622530 2.49181747 90.00000000
378.77184591 2.21075601 91.00000000
379.35040076 2.56629408 92.00000000
380.04930529 2.39339206 93.00000000
380.72658738 2.40700810 94.00000000
381.43330902 2.03522690 95.00000000
382.05254716 1.11855096 96.00000000
382.40476767 0.32483858 97.00000000
382.51051563 0.58975250 98.00000000
382.70876683 1.94912682 99.00000000
383.38474350 8.46074795 100.00000000
386.40903785 23.24870861 101.00000000
394.96642252 30.66889784 102.00000000
406.58165420 29.76289521 103.00000000
418.17013508 25.21645351 104.00000000
428.25671648 19.88015212 105.00000000
436.42030215 20.04799122 106.00000000
444.86611989 22.98335292 107.00000000
454.79285985 26.93696095 108.00000000
466.71381192 30.59021169 109.00000000
480.57698995 32.33035888 110.00000000
495.57278031 32.51118039 111.00000000
510.99836007 32.74444645 112.00000000
526.88301849 31.92212041 113.00000000
542.70809046 28.78996975 114.00000000
557.28704324 26.09603456 115.00000000
570.77921503 25.37771713 116.00000000
584.17002125 26.79758111 117.00000000
598.59489118 30.24698247 118.00000000
615.19866974 34.77602234 119.00000000
634.65863632 39.14060186 120.00000000
656.97699891 40.68647830 121.00000000
680.60973983 38.29533205 122.00000000
703.26104578 34.51331260 123.00000000
724.04254670 32.80061486 124.00000000
744.14145146 35.24795852 125.00000000
766.11538128 39.65201873 126.00000000
791.25634724 41.28248668 127.00000000
817.87034076 41.28248668 128.00000000
