0.000 20.931 0.000 -1.150
0.000 20.758 0.000 -0.824
0.000 20.635 0.000 -0.959
0.000 20.491 0.000 -0.118
0.000 20.473 0.000 0.129
0.000 20.492 0.000 -0.895
0.000 20.358 0.000 0.196
0.000 20.387 0.000 0.650
0.000 20.485 0.000 -2.298
0.000 20.140 0.000 0.718
0.000 20.248 0.000 -2.334
0.000 19.898 0.000 0.391
0.000 19.956 0.000 -1.012
0.000 19.805 0.000 -0.364
0.000 19.750 0.000 -2.872
0.000 19.319 0.000 2.500
0.000 19.694 0.000 -4.194
0.000 19.065 0.000 3.513
0.000 19.592 0.000 -4.637
0.000 18.897 0.000 0.533
0.000 18.976 0.000 0.568
0.000 19.062 0.000 -5.700
0.000 18.207 0.000 4.476
0.000 18.878 0.000 -2.342
0.000 18.527 0.000 -4.592
0.000 17.838 0.000 5.722
0.000 18.696 0.000 -2.625
0.000 18.303 0.000 -2.922
0.000 17.864 0.000 1.803
0.000 18.135 0.000 1.680
0.000 18.387 0.000 -2.975
0.000 17.941 0.000 0.232
0.000 17.975 0.000 3.094
0.000 18.439 0.000 -2.821
0.000 18.016 0.000 -2.644
0.000 17.620 0.000 0.993
0.000 17.769 0.000 1.602
0.000 18.009 0.000 -3.693
0.000 17.455 0.000 -2.938
0.000 17.014 0.000 -0.484
0.000 16.942 0.000 2.857
0.000 17.370 0.000 -4.229
0.000 16.736 0.000 -2.768
0.000 16.321 0.000 -2.661
0.000 15.921 0.000 3.121
0.000 16.390 0.000 -1.490
0.000 16.166 0.000 -3.152
0.000 15.693 0.000 -2.421
0.000 15.330 0.000 4.044
0.000 15.937 0.000 -1.425
0.000 15.723 0.000 -2.559
0.000 15.339 0.000 -2.428
0.000 14.975 0.000 2.656
0.000 15.374 0.000 0.277
0.000 15.415 0.000 -3.077
0.000 14.954 0.000 -1.092
0.000 14.790 0.000 0.284
0.000 14.832 0.000 0.453
0.000 14.900 0.000 -1.753
0.000 14.637 0.000 -1.384
0.000 14.430 0.000 0.814
0.000 14.552 0.000 -0.133
0.000 14.532 0.000 -1.844
0.000 14.255 0.000 -0.805
0.000 14.135 0.000 0.189
0.000 14.163 0.000 -0.896
0.000 14.029 0.000 -1.528
0.000 13.799 0.000 -0.775
0.000 13.683 0.000 -0.411
0.000 13.621 0.000 -1.343
0.000 13.420 0.000 -0.734
0.000 13.310 0.000 0.171
0.000 13.335 -11.407 -6.782
-1.711 12.318 -15.462 -8.175
-4.030 11.092 -0.577 -1.703
-4.117 10.836 0.937 -1.264
-3.976 10.647 -1.724 -2.668
-4.235 10.247 -1.000 -2.463
-4.385 9.877 -0.755 -2.425
-4.498 9.513 -1.049 -2.650
-4.655 9.116 -1.119 -2.848
-4.829 8.674 -1.125 -2.928
-5.016 8.188 -1.166 -2.910
-5.222 7.674 -1.261 -2.933
-5.458 7.125 -1.322 -2.965
-5.720 6.538 -1.321 -2.992
-5.995 5.914 -1.338 -3.039
-6.288 5.248 -1.503 -3.110
-6.634 4.534 -1.608 -3.179
-7.020 3.769 -1.788 -3.210
-7.469 2.963 -2.242 -3.131
-8.056 2.144 -2.334 -2.867
-8.692 1.363 -2.411 -2.556
-9.374 0.640 -2.612 -2.214
-10.141 -0.010 -3.343 -2.227
-11.158 -0.688 -5.009 -2.701
-12.735 -1.539 -7.217 -2.939
-15.085 -2.495 -8.833 -3.010
-18.054 -3.507 -7.029 -1.463
-20.492 -4.015 -2.000 1.294
-21.207 -3.552 3.160 3.410
-20.044 -2.297 4.802 3.482
-18.225 -0.978 3.417 2.101
-16.894 -0.160 0.496 0.015
-16.696 -0.154 -1.910 -2.033
-17.480 -0.989 -3.542 -3.027
-18.973 -2.264 -4.368 -2.258
-20.859 -3.240 -4.190 -0.676
-22.713 -3.539 -2.931 1.153
-24.042 -3.016 -0.972 2.517
-24.493 -1.849 1.464 3.082
-23.798 -0.386 3.301 3.073
-22.197 1.104 3.615 2.671
-20.405 2.428 2.568 1.896
-19.104 3.388 1.166 0.874
-18.502 3.840 -0.349 -0.376
-18.686 3.642 -1.905 -1.777
-19.711 2.685 -3.142 -2.909
-21.436 1.088 -3.930 -3.630
-23.635 -0.943 -4.242 -3.914
-26.054 -3.175 -4.051 -3.735
-28.406 -5.344 -3.327 -3.067
-30.374 -7.158 -2.042 -1.884
-31.604 -8.293 -0.166 -0.158
-31.705 -8.389 2.331 2.138
-30.252 -7.056 5.480 5.033
-26.777 -3.865 9.311 8.555
-20.775 1.650 9.311 8.555
