301.88988195 1.79801344 0.00000000
302.02113693 4.14685679 1.00000000
302.64316545 5.26937062 2.00000000
303.43357104 5.47094464 3.00000000
304.25421274 5.19653495 4.00000000
305.03369298 4.73962547 5.00000000
305.74463680 4.47454898 6.00000000
306.41581915 4.25485567 7.00000000
307.05404750 4.25995473 8.00000000
307.69304071 4.35107872 9.00000000
308.34570252 4.38323795 10.00000000
309.00318821 4.57460073 11.00000000
309.68937832 4.62373186 12.00000000
310.38293810 4.82702053 13.00000000
311.10699118 4.87745787 14.00000000
311.83860986 5.13190283 15.00000000
312.60839528 5.07416203 16.00000000
313.36951958 5.35003296 17.00000000
314.17202453 5.27768914 18.00000000
314.96367790 5.39793538 19.00000000
315.77336820 5.60277456 20.00000000
316.61378439 5.42156710 21.00000000
317.42701945 5.68704437 22.00000000
318.28007611 5.62112239 23.00000000
319.12324447 5.35933866 24.00000000
319.92714527 5.58352767 25.00000000
320.76467442 5.44437292 26.00000000
321.58133035 5.11516467 27.00000000
322.34860505 5.27467515 28.00000000
323.13980633 5.43926517 29.00000000
323.95569610 5.50559551 30.00000000
324.78153543 5.81473770 31.00000000
325.65374608 6.02639554 32.00000000
326.55770542 6.14474295 33.00000000
327.47941686 6.45456903 34.00000000
328.44760221 6.78004907 35.00000000
329.46460957 7.25010796 36.00000000
330.55212577 6.26765080 37.00000000
331.49227339 5.91048034 38.00000000
332.37884544 6.28472134 39.00000000
333.32155364 6.74858606 40.00000000
334.33384155 6.31426726 41.00000000
335.28098164 6.09836640 42.00000000
336.19573660 6.42821639 43.00000000
337.15996906 6.84488183 44.00000000
338.18670133 6.63407484 45.00000000
339.18181256 6.19467564 46.00000000
340.11101390 6.42944180 47.00000000
341.07543017 6.83204538 48.00000000
342.10023698 6.73834020 49.00000000
343.11098801 5.98104135 50.00000000
344.00814421 6.05294402 51.00000000
344.91608582 6.47231948 52.00000000
345.88693374 6.48383062 53.00000000
346.85950833 5.60008210 54.00000000
347.69952065 5.56198011 55.00000000
348.53381766 6.02579859 56.00000000
349.43768745 6.08745476 57.00000000
350.35080566 5.19953253 58.00000000
351.13073554 5.09397207 59.00000000
351.89483135 5.60054874 60.00000000
352.73491367 5.62135148 61.00000000
353.57811639 4.74713028 62.00000000
354.29018593 4.58636497 63.00000000
354.97814067 5.14025864 64.00000000
355.74917947 5.02499123 65.00000000
356.50292815 4.15718987 66.00000000
357.12650664 3.98597111 67.00000000
357.72440230 4.57140577 68.00000000
358.41011317 4.26847787 69.00000000
359.05038485 3.52555303 70.00000000
359.57921780 3.54558502 71.00000000
360.11105556 4.13176518 72.00000000
360.73082033 3.57570796 73.00000000
361.26717653 2.80357187 74.00000000
361.68771231 3.09649479 75.00000000
362.15218653 3.55402258 76.00000000
362.68528991 2.78600140 77.00000000
363.10319012 1.94182514 78.00000000
363.39446390 2.55438428 79.00000000
363.77762154 2.53213915 80.00000000
364.15744241 1.86454761 81.00000000
364.44704395 1.69891421 82.00000000
364.72899575 2.16129719 83.00000000
365.11065922 1.57733472 84.00000000
365.40599937 1.49512812 85.00000000
365.70184037 1.74184507 86.00000000
366.06503249 1.43606333 87.00000000
366.37974577 1.79086753 88.00000000
366.79126922 1.46991089 89.00000000
367.14466519 1.76440142 90.00000000
367.58765346 1.52886001 91.00000000
367.98775612 1.61000814 92.00000000
368.42622574 1.58409285 93.00000000
368.87449233 1.30985272 94.00000000
369.25907819 1.41109185 95.00000000
369.68841700 0.80491642 96.00000000
369.94187713 1.52330365 97.00000000
370.43777340 3.79949014 98.00000000
371.71501000 9.68521747 99.00000000
375.07394028 23.87065580 100.00000000
383.60650619 35.13153550 101.00000000
396.53772178 35.14307811 102.00000000
409.84745975 31.46321639 103.00000000
422.09797769 25.17216483 104.00000000
432.16684362 22.43136426 105.00000000
441.37805904 24.03296268 106.00000000
451.50266556 26.77801952 107.00000000
463.06835997 30.05130413 108.00000000
476.36756461 32.12971794 109.00000000
490.92843148 32.44583894 110.00000000
505.97778496 32.42276422 111.00000000
521.36141390 32.45064038 112.00000000
537.10354405 30.57633611 113.00000000
552.26145692 27.62202138 114.00000000
566.24897233 26.04402272 115.00000000
579.71425295 26.41914885 116.00000000
593.65458103 28.82040602 117.00000000
609.16831739 32.62696735 118.00000000
627.07856485 37.07225024 119.00000000
647.82345464 40.57048135 120.00000000
670.95714880 40.70491037 121.00000000
694.60059599 37.66504243 122.00000000
716.87909194 34.41128507 123.00000000
737.59915902 33.87528509 124.00000000
758.35657871 37.26438961 125.00000000
781.58757184 41.56635055 126.00000000
807.94230074 42.66456343 127.00000000
835.44729149 42.66456343 128.00000000
