300.70970832 -0.86765605 0.00000000
300.64636943 2.47824296 1.00000000
301.01810587 3.96570299 2.00000000
301.61296132 4.53384845 3.00000000
302.29303859 4.53576170 4.00000000
302.97340285 4.31187181 5.00000000
303.62018362 4.22820693 6.00000000
304.25441466 4.16730704 7.00000000
304.87951072 4.25771147 8.00000000
305.51816744 4.36925689 9.00000000
306.17355597 4.44235145 10.00000000
306.83990869 4.58155938 11.00000000
307.52714259 4.65362539 12.00000000
308.22518640 4.79087855 13.00000000
308.94381818 4.85911089 14.00000000
309.67268482 5.01301014 15.00000000
310.42463634 4.98342943 16.00000000
311.17215075 5.14471687 17.00000000
311.94385828 5.06272894 18.00000000
312.70326763 5.12488674 19.00000000
313.47200064 5.21355953 20.00000000
314.25403457 5.05079378 21.00000000
315.01165363 5.22115112 22.00000000
315.79482630 5.10723854 23.00000000
316.56091208 4.93188962 24.00000000
317.30069552 5.11688217 25.00000000
318.06822785 4.99779448 26.00000000
318.81789702 4.82570307 27.00000000
319.54175248 5.01655603 28.00000000
320.29423589 5.28796119 29.00000000
321.08743007 5.59862833 30.00000000
321.92722431 5.79710710 31.00000000
322.79679038 6.01263900 32.00000000
323.69868623 6.32902477 33.00000000
324.64803994 6.58132492 34.00000000
325.63523868 6.80506957 35.00000000
326.65599912 7.03937345 36.00000000
327.71190514 5.96023355 37.00000000
328.60594017 5.80873096 38.00000000
329.47724981 6.03068033 39.00000000
330.38185186 6.26320546 40.00000000
331.32133268 5.80912129 41.00000000
332.19270087 5.69569246 42.00000000
333.04705474 5.92198813 43.00000000
333.93535296 6.15877652 44.00000000
334.85916944 5.90445958 45.00000000
335.74483838 5.61428073 46.00000000
336.58698049 5.84493008 47.00000000
337.46372000 6.08710819 48.00000000
338.37678623 5.87696635 49.00000000
339.25833118 5.28637909 50.00000000
340.05128804 5.51947934 51.00000000
340.87920994 5.76435267 52.00000000
341.74386284 5.61759937 53.00000000
342.58650275 4.86166737 54.00000000
343.31575285 5.09697123 55.00000000
344.08029854 5.34427555 56.00000000
344.88193987 5.21666447 57.00000000
345.66443954 4.41644194 58.00000000
346.32690583 4.65498426 59.00000000
347.02515347 4.90545816 60.00000000
347.76097219 4.70024843 61.00000000
348.46600946 3.89578800 62.00000000
349.05037766 4.13732108 63.00000000
349.67097582 4.39099647 64.00000000
350.32962529 3.98977371 65.00000000
350.92809135 3.24741906 66.00000000
351.41520421 3.49077593 67.00000000
351.93882060 3.74753632 68.00000000
352.50095105 3.15068237 69.00000000
352.97355340 2.72242471 70.00000000
353.38191711 2.97113294 71.00000000
353.82758705 3.23326557 72.00000000
354.31257688 2.26036540 73.00000000
354.65163169 2.16557985 74.00000000
354.97646867 2.41976085 75.00000000
355.33943280 2.56395625 76.00000000
355.72402623 1.29986715 77.00000000
355.91900631 1.54632927 78.00000000
356.15095570 1.80690323 79.00000000
356.42199118 1.48707981 80.00000000
356.64505315 0.97857640 81.00000000
356.79704564 1.25520307 82.00000000
357.00535914 1.40474606 83.00000000
357.25342325 0.85295785 84.00000000
357.41313107 1.19762010 85.00000000
357.65010416 1.16323587 86.00000000
357.89265047 1.07225197 87.00000000
358.12763449 1.38457026 88.00000000
358.44579489 1.05853724 89.00000000
358.70028842 1.46868071 90.00000000
359.06903008 1.05070135 91.00000000
359.34399862 1.38642679 92.00000000
359.72157810 1.22986268 93.00000000
360.06960464 1.38457352 94.00000000
360.47612927 1.65117666 95.00000000
360.97851628 2.10178138 96.00000000
361.64034622 4.47581810 97.00000000
363.09740404 8.89377258 98.00000000
366.08713463 20.64522862 99.00000000
373.24710637 35.83079357 100.00000000
386.05482353 38.97780149 101.00000000
400.40177270 36.64171389 102.00000000
414.27908901 30.44104898 103.00000000
426.13161584 24.46316939 104.00000000
435.91688360 23.66552249 105.00000000
445.63489375 25.19642014 106.00000000
456.24964163 28.06854117 107.00000000
468.37272525 30.92269675 108.00000000
482.05756469 32.34025017 109.00000000
496.71384267 32.51849450 110.00000000
511.79689597 32.84939994 111.00000000
527.38295076 32.52308320 112.00000000
543.16022365 30.01456241 113.00000000
558.03964282 27.49888801 114.00000000
571.96480472 26.67435909 115.00000000
585.75598186 27.68526476 116.00000000
600.36438866 30.54896839 117.00000000
616.80859285 34.45199052 118.00000000
635.72066853 38.68807954 119.00000000
657.36974407 41.37397636 120.00000000
680.96159913 40.53259375 121.00000000
704.50495621 37.23650487 122.00000000
726.52997648 34.53586438 123.00000000
747.32505650 34.93700646 124.00000000
768.73305658 38.81847725 125.00000000
792.93288348 42.76517096 126.00000000
820.04771248 43.25585533 127.00000000
847.93389729 43.25585533 128.00000000
